return {
    CFrame.new(
		2229.05591,
		139.281982,
		-3355.44482,
		-0.921902418,
		0.019647602,
		-0.386923611,
		0.0101363352,
		0.999594569,
		0.026607126,
		0.387289524,
		0.0206071846,
		-0.921727777
	),
	CFrame.new(
		2683.43774,
		230.774597,
		-2316.24268,
		-0.999970078,
		0.00776938349,
		-1.76346657e-05,
		0.00776707381,
		0.999611795,
		-0.0267575681,
		-0.000190261955,
		-0.0267568976,
		-0.999642253
	),
	CFrame.new(
		3297.16479,
		104.929672,
		58.8021126,
		-2.56299973e-05,
		-0.159039035,
		-0.987272322,
		0.189812139,
		0.969323337,
		-0.156152576,
		0.981820405,
		-0.187400281,
		0.0301626921
	),
	CFrame.new(235.527985, 91.4499664, 3587.73633, 0, 0, 1, 0, 1, -0, -1, 0, 0),
	CFrame.new(
		-752.065308,
		165.447403,
		3747.5918,
		-0.865721703,
		-0.00423207972,
		0.500507712,
		0.0257328972,
		0.998265505,
		0.0529507659,
		-0.499863654,
		0.0587201454,
		-0.864111185
	),
	CFrame.new(
		-2533.87744,
		95.0707092,
		1880.83264,
		-0.997185707,
		0.074924022,
		-0.00273006572,
		0.0749737322,
		0.996538579,
		-0.0359133072,
		2.9846793e-05,
		-0.036016915,
		-0.999351382
	),
	CFrame.new(
		-3517.98169,
		181.555283,
		-53.8324623,
		-0.965938568,
		-0.0389244929,
		0.255827636,
		9.50694084e-06,
		0.988616824,
		0.150455177,
		-0.258771926,
		0.145332873,
		-0.954942822
	),
	CFrame.new(
		44.9372902,
		111.49778,
		-4558.20654,
		4.46438789e-05,
		0.000486284494,
		0.999999881,
		0.164606988,
		0.986359119,
		-0.0004869923,
		-0.986359239,
		0.164606988,
		-3.60012054e-05
	),
	CFrame.new(
		1385.34326,
		128.616425,
		-4398.85303,
		0.000621318817,
		-0.0596669465,
		0.998218119,
		-0.0107289255,
		0.998160481,
		0.0596701801,
		-0.999942243,
		-0.0107468814,
		-2.00271606e-05
	),
}
--a mettre sur github
