return {
	CFrame.new(-1019.40588, 80.5384369, -763.692383, 0.707134247, -0, -0.707079291, 0, 1, -0, 0.707079291, 0, 0.707134247),
	CFrame.new(-3590.99707, 70.6569977, -2599.04102, 0, 0, 1, 0, 1, -0, -1, 0, 0),
	CFrame.new(-1613.1687, 121.281006, -3420.98267, -0.707134247, 0, 0.707079291, 0, 1, 0, -0.707079291, 0, -0.707134247),
	CFrame.new(731.002991, 70.6569977, 838.859009, -1, 0, 0, 0, 1, 0, 0, 0, -1),
	CFrame.new(-1295.84497, 70.4162598, -1972.021, 0.819155693, 0, 0.573571265, 0, 1, 0, -0.573571265, 0, 0.819155693),
}

--Position used by facility because Armand is a bulldog
