return {
	CFrame.new(1602.31763, 79.2003174, -3569.89722, 0.0235393327, 0.0833637044, -0.99624157, 0.269969314, 0.958964527, 0.0866233408, 0.962581515, -0.27099371, 6.77545613e-05),
	CFrame.new(731.232666, 79.9032516, -4242.17041, -0.0183556005, -0.0681465045, 0.997506499, 0.137288153, 0.988052666, 0.0700269714, -0.990361035, 0.138231188, -0.00878060237),
	CFrame.new(44.9317245, 100.549141, -4560.0332, 4.46438789e-05, 0.000486284494, 0.999999881, 0.164606988, 0.986359119, -0.0004869923, -0.986359239, 0.164606988, -3.60012054e-05),
	CFrame.new(-1624.83875, 90.1966629, -4619.13379, 0.98830384, -0.151186332, -0.0199551377, 0.152497575, 0.979779959, 0.129521102, -3.01767141e-05, -0.131049305, 0.991375864),
	CFrame.new(-4031.42188, 90.2500076, -1754.58618, 1, 0, 0, 0, 1, 0, 0, 0, 1),
	CFrame.new(-3502.27686, 181.555298, 54.1670341, -0.258844614, 0.145337105, -0.954922616, -1.7426908e-05, 0.988614619, 0.150469705, 0.965919316, 0.0389648788, -0.255895019),
	CFrame.new(-2533.87744, 95.0707092, 1880.83264, -0.997185707, 0.074924022, -0.00273006572, 0.0749737322, 0.996538579, -0.0359133072, 2.9846793e-05, -0.036016915, -0.999351382),
	CFrame.new(-752.065308, 165.447403, 3747.5918, -0.865721703, -0.00423207972, 0.500507712, 0.0257328972, 0.998265505, 0.0529507659, -0.499863654, 0.0587201454, -0.864111185),
	CFrame.new(773.883301, 131.096558, 2700.91724, 1.52587891e-05, 0.00976622757, 0.999952316, 0.0136724776, 0.999858856, -0.00976552349, -0.99990654, 0.0136719747, -0.000118255615),
	CFrame.new(2253.66992, 85.0915222, 2122.36353, -3.01772088e-05, 0.0708003864, 0.997490466, -0.096186921, 0.992865264, -0.0704750121, -0.995363235, -0.095947668, 0.00678010937),
	CFrame.new(3297.16479, 104.929672, 58.8021126, -2.56299973e-05, -0.159039035, -0.987272322, 0.189812139, 0.969323337, -0.156152576, 0.981820405, -0.187400281, 0.0301626921),
	CFrame.new(2831.2605, 94.7599716, -2406.44312, 0.996332407, 0.085510239, 0.0031154938, -0.0855669677, 0.995666981, 0.0364080966, 1.12705166e-05, -0.036541149, 0.99933213),
}

--Position used by facility because individual is a bulldog
